%YAML:1.0
cameraMatrix: !!opencv-matrix
   rows: 3
   cols: 3
   dt: d
   data: [ 3.6473861200763832e+02, 0., 2.4770481930923629e+02, 0.,
       3.6247913851402438e+02, 2.1130850535272216e+02, 0., 0., 1. ]
distortionCoefficients: !!opencv-matrix
   rows: 1
   cols: 5
   dt: d
   data: [ 1.0870659233149867e-01, -3.0538942796234902e-01,
       2.3266980962016633e-03, -2.1821360238064940e-03,
       1.2669245612609686e-01 ]
rotation: !!opencv-matrix
   rows: 3
   cols: 3
   dt: d
   data: [ 1., 0., 0., 0., 1., 0., 0., 0., 1. ]
projection: !!opencv-matrix
   rows: 4
   cols: 4
   dt: d
   data: [ 3.6473861200763832e+02, 0., 2.4770481930923629e+02, 0., 0.,
       3.6247913851402438e+02, 2.1130850535272216e+02, 0., 0., 0., 1.,
       0., 0., 0., 0., 1. ]
