%YAML:1.0
depthShift: -1.2279533629466197e+01
