%YAML:1.0
rotation: !!opencv-matrix
   rows: 3
   cols: 3
   dt: d
   data: [ 9.9934405697969586e-01, 1.8441994038807634e-03,
       3.6167038970878231e-02, -3.3288922930629714e-03,
       9.9915221148270839e-01, 4.1033849019003511e-02,
       -3.6060702370634502e-02, -4.1127329329436350e-02,
       9.9850296370454739e-01 ]
translation: !!opencv-matrix
   rows: 3
   cols: 1
   dt: d
   data: [ -7.3360383166755985e-02, -1.5843491666190403e-02,
       7.3558574448616678e-03 ]
essential: !!opencv-matrix
   rows: 3
   cols: 3
   dt: d
   data: [ 5.9581429464319012e-04, -6.6980207339014872e-03,
       -1.6121612527917183e-02, 4.7056054783402648e-03,
       -3.0035509703179664e-03, 7.3516599593379583e-02,
       1.6077308052554678e-02, -7.3268970518396911e-02,
       -2.4372467063150192e-03 ]
fundamental: !!opencv-matrix
   rows: 3
   cols: 3
   dt: d
   data: [ 3.1045595843844060e-07, -3.4784902867579233e-06,
       -2.5272531887541696e-03, 2.4390055554113906e-06,
       -1.5516276478084622e-06, 1.4084934034697879e-02,
       7.7381036372316967e-03, -3.8101412302561574e-02, 1. ]
