%YAML:1.0
cameraMatrix: !!opencv-matrix
   rows: 3
   cols: 3
   dt: d
   data: [ 3.7696666316616273e+02, 0., 2.4543014879356787e+02, 0.,
       3.7822281173840628e+02, 2.0572007276652513e+02, 0., 0., 1. ]
distortionCoefficients: !!opencv-matrix
   rows: 1
   cols: 5
   dt: d
   data: [ 1.1425949426213106e-01, -2.4442887199253099e-01,
       -2.8397083994165192e-03, -3.2315618191733350e-03,
       1.2400711823464680e-02 ]
rotation: !!opencv-matrix
   rows: 3
   cols: 3
   dt: d
   data: [ 1., 0., 0., 0., 1., 0., 0., 0., 1. ]
projection: !!opencv-matrix
   rows: 4
   cols: 4
   dt: d
   data: [ 3.7696666316616273e+02, 0., 2.4543014879356787e+02, 0., 0.,
       3.7822281173840628e+02, 2.0572007276652513e+02, 0., 0., 0., 1.,
       0., 0., 0., 0., 1. ]
