%YAML:1.0
depthShift: -4.3588304233187811e+00
#depthShift: 4.3588304233187811e+00
#depthShift: 0
