%YAML:1.0
cameraMatrix: !!opencv-matrix
   rows: 3
   cols: 3
   dt: d
   data: [ 3.6661477923444716e+02, 0., 2.4706910560049843e+02, 0.,
       3.6763728160817368e+02, 2.0797751127584061e+02, 0., 0., 1. ]
distortionCoefficients: !!opencv-matrix
   rows: 1
   cols: 5
   dt: d
   data: [ 1.0834113216949293e-01, -3.0159922071178613e-01,
       -6.8924205928068969e-04, -1.1724442567247670e-03,
       1.1475361334501809e-01 ]
rotation: !!opencv-matrix
   rows: 3
   cols: 3
   dt: d
   data: [ 1., 0., 0., 0., 1., 0., 0., 0., 1. ]
projection: !!opencv-matrix
   rows: 4
   cols: 4
   dt: d
   data: [ 3.6661477923444716e+02, 0., 2.4706910560049843e+02, 0., 0.,
       3.6763728160817368e+02, 2.0797751127584061e+02, 0., 0., 0., 1.,
       0., 0., 0., 0., 1. ]
