%YAML:1.0
cameraMatrix: !!opencv-matrix
   rows: 3
   cols: 3
   dt: d
   data: [ 1.0761573378794199e+03, 0., 9.6402993849355346e+02, 0.,
       1.0710547652032442e+03, 5.5058824641711351e+02, 0., 0., 1. ]
distortionCoefficients: !!opencv-matrix
   rows: 1
   cols: 5
   dt: d
   data: [ 8.5536558709995658e-02, -1.4638301287166045e-01,
       2.9501262791227904e-03, -7.7748274464115356e-04,
       7.0124288335421517e-02 ]
rotation: !!opencv-matrix
   rows: 3
   cols: 3
   dt: d
   data: [ 1., 0., 0., 0., 1., 0., 0., 0., 1. ]
projection: !!opencv-matrix
   rows: 4
   cols: 4
   dt: d
   data: [ 1.0761573378794199e+03, 0., 9.6402993849355346e+02, 0., 0.,
       1.0710547652032442e+03, 5.5058824641711351e+02, 0., 0., 0., 1.,
       0., 0., 0., 0., 1. ]
