%YAML:1.0
cameraMatrix: !!opencv-matrix
   rows: 3
   cols: 3
   dt: d
   data: [ 1.0655258151858907e+03, 0., 9.6619028063708333e+02, 0.,
       1.0765264376340992e+03, 5.4259011951639343e+02, 0., 0., 1. ]
distortionCoefficients: !!opencv-matrix
   rows: 1
   cols: 5
   dt: d
   data: [ 7.9636270149074928e-02, -1.3881813374303639e-01,
       -3.8940624738892653e-04, 3.6777933626021861e-04,
       6.1944149450195655e-02 ]
rotation: !!opencv-matrix
   rows: 3
   cols: 3
   dt: d
   data: [ 1., 0., 0., 0., 1., 0., 0., 0., 1. ]
projection: !!opencv-matrix
   rows: 4
   cols: 4
   dt: d
   data: [ 1.0655258151858907e+03, 0., 9.6619028063708333e+02, 0., 0.,
       1.0765264376340992e+03, 5.4259011951639343e+02, 0., 0., 0., 1.,
       0., 0., 0., 0., 1. ]
