%YAML:1.0
cameraMatrix: !!opencv-matrix
   rows: 3
   cols: 3
   dt: d
   data: [ 1.0714032304625266e+03, 0., 9.6285165158363395e+02, 0.,
       1.0760726198742004e+03, 5.3901851215711463e+02, 0., 0., 1. ]
distortionCoefficients: !!opencv-matrix
   rows: 1
   cols: 5
   dt: d
   data: [ 8.9017461954749522e-02, -1.5629963859204760e-01,
       -8.0985100497243305e-04, -8.7068948483319609e-05,
       7.4504544628922101e-02 ]
rotation: !!opencv-matrix
   rows: 3
   cols: 3
   dt: d
   data: [ 1., 0., 0., 0., 1., 0., 0., 0., 1. ]
projection: !!opencv-matrix
   rows: 4
   cols: 4
   dt: d
   data: [ 1.0714032304625266e+03, 0., 9.6285165158363395e+02, 0., 0.,
       1.0760726198742004e+03, 5.3901851215711463e+02, 0., 0., 0., 1.,
       0., 0., 0., 0., 1. ]
