%YAML:1.0
rotation: !!opencv-matrix
   rows: 3
   cols: 3
   dt: d
   data: [ 9.9999353591808982e-01, 2.7838404681863865e-03,
       2.2755997635205603e-03, -2.7911227658204245e-03,
       9.9999097427678185e-01, 3.2032793631936898e-03,
       -2.2666618058647327e-03, -3.2096101352393921e-03,
       9.9999228029372178e-01 ]
translation: !!opencv-matrix
   rows: 3
   cols: 1
   dt: d
   data: [ -5.2818506730926300e-02, 3.8866783785018136e-04,
       -5.9967133349725470e-03 ]
essential: !!opencv-matrix
   rows: 3
   cols: 3
   dt: d
   data: [ -1.7618541652563828e-05, 5.9954117380661611e-03,
       4.0787398552153932e-04, -6.1163962635761579e-03,
       -1.8622070778980064e-04, 5.2804452868121320e-02,
       -2.4124238887611395e-04, -5.2819111994959443e-02,
       -1.7007688504578315e-04 ]
fundamental: !!opencv-matrix
   rows: 3
   cols: 3
   dt: d
   data: [ -1.1281626323688825e-08, 3.8283460677205317e-06,
       -6.9767277858521787e-04, -3.8994983227782921e-06,
       -1.1839449759099004e-07, 1.3330299065156171e-02,
       1.9472603812253125e-03, -3.9757991750576135e-02, 1. ]
