%YAML:1.0
depthShift: -2.3241240937897850e+01
