%YAML:1.0
rotation: !!opencv-matrix
   rows: 3
   cols: 3
   dt: d
   data: [ 9.9999506836230134e-01, 2.4193042024126632e-03,
       2.0025529337255529e-03, -2.4221850170005987e-03,
       9.9999603344552190e-01, 1.4373979845544494e-03,
       -1.9990674875056619e-03, -1.4422414495401986e-03,
       9.9999696182977560e-01 ]
translation: !!opencv-matrix
   rows: 3
   cols: 1
   dt: d
   data: [ -5.1723376262089359e-02, 5.9402573070566707e-04,
       3.2233142576533507e-05 ]
essential: !!opencv-matrix
   rows: 3
   cols: 3
   dt: d
   data: [ -1.1094228899957692e-06, -3.3089743252934596e-05,
       5.9397759410020413e-04, -7.1165536215212546e-05,
       -7.4519615378056478e-05, 5.1723283666241925e-02,
       -4.6873921417526230e-04, -5.1724608227446262e-02,
       -7.5536644763211791e-05 ]
fundamental: !!opencv-matrix
   rows: 3
   cols: 3
   dt: d
   data: [ -8.8060332124108736e-10, -2.6428670624940100e-08,
       1.7776572778718187e-04, -5.6756684334499970e-08,
       -5.9802125390949696e-08, 1.5072489899849269e-02,
       -3.6829799338412389e-04, -4.4400105495877182e-02,
       9.9999999999999989e-01 ]
