%YAML:1.0
#depthShift: -3.4468635840631002e+01
depthShift: -1.0e+01
