%YAML:1.0
cameraMatrix: !!opencv-matrix
   rows: 3
   cols: 3
   dt: d
   data: [ 3.6110732371032390e+02, 0., 2.4911499868016566e+02, 0.,
       3.6415162266324597e+02, 2.0963262432634110e+02, 0., 0., 1. ]
distortionCoefficients: !!opencv-matrix
   rows: 1
   cols: 5
   dt: d
   data: [ 1.0428491008984792e-01, -2.9979768274348773e-01,
       5.0276586373038611e-06, -5.4889268596480681e-04,
       1.1555171411527895e-01 ]
rotation: !!opencv-matrix
   rows: 3
   cols: 3
   dt: d
   data: [ 1., 0., 0., 0., 1., 0., 0., 0., 1. ]
projection: !!opencv-matrix
   rows: 4
   cols: 4
   dt: d
   data: [ 3.6110732371032390e+02, 0., 2.4911499868016566e+02, 0., 0.,
       3.6415162266324597e+02, 2.0963262432634110e+02, 0., 0., 0., 1.,
       0., 0., 0., 0., 1. ]
