%YAML:1.0
rotation: !!opencv-matrix
   rows: 3
   cols: 3
   dt: d
   data: [ 9.9999008655489563e-01, 2.8020383558212589e-03,
       3.4605451860876134e-03, -2.8176768321407082e-03,
       9.9998580373650225e-01, 4.5225018221464715e-03,
       -3.4478238357063960e-03, -4.5322076865703257e-03,
       9.9998378567068968e-01 ]
translation: !!opencv-matrix
   rows: 3
   cols: 1
   dt: d
   data: [ -5.1078656533062969e-02, 6.0791379378437305e-04,
       6.9771819492829394e-04 ]
essential: !!opencv-matrix
   rows: 3
   cols: 3
   dt: d
   data: [ -1.3003527505197583e-07, -7.0046348150591318e-04,
       6.0474850506202042e-04, 5.2160106864671549e-04,
       -2.2954404661509011e-04, 5.1080242812245914e-02,
       -4.6398462013426606e-04, -5.1079634804762929e-02,
       -2.3310703039620780e-04 ]
fundamental: !!opencv-matrix
   rows: 3
   cols: 3
   dt: d
   data: [ -1.1466136186983346e-10, -6.1248500476977347e-07,
       3.2098581860018170e-04, 4.5523292369158217e-07,
       -1.9866221435191208e-07, 1.6026704740883375e-02,
       -6.8283084592401881e-04, -4.6891090139406649e-02, 1. ]
